g13 = Qdot(:,13);
g15 = Qdot(:,15);
g15_2 = [g15(135:144); g15(1:134)];
g14_2 = 0.5*(g13+g15_2);
g14 = [g14_2(6:144); g14_2(1:5)];
Qdot(:,14) = g14;