% HPB subroutine
function HPB = HPB_Profile
HPB = [75.902   276.754    19.313;
    75.899   276.757    19.266;
    75.891   276.759    19.228;
    75.880   276.760    19.194;
    75.868   276.760    19.167;
    75.857   276.760    19.138;
    75.835   276.761    19.076;
    75.813   276.763    19.011;
    75.790   276.764    18.944;
    75.768   276.766    18.876;
    75.746   276.767    18.807;
    75.723   276.768    18.740;
    75.701   276.770    18.675;
    75.679   276.771    18.610;
    75.455   276.782    17.966;
    75.232   276.791    17.320;
    75.009   276.799    16.676;
    74.786   276.805    16.034;
    74.563   276.810    15.393;
    74.339   276.813    14.752;
    74.116   276.814    14.110;
    73.893   276.815    13.467;
    73.670   276.814    12.825;
    73.447   276.811    12.187;
    73.223   276.806    11.556;
    73.000   276.799    10.934;
    72.777   276.791    10.319;
    72.554   276.782     9.711;
    72.330   276.770     9.109;
    72.107   276.758     8.511;
    71.884   276.743     7.920;
    71.661   276.728     7.334;
    71.438   276.711     6.754;
    71.214   276.693     6.181;
    70.991   276.673     5.614;
    70.768   276.652     5.054;
    70.545   276.630     4.500;
    70.321   276.607     3.952;
    70.098   276.582     3.411;
    69.875   276.556     2.877;
    69.652   276.530     2.353;
    69.429   276.502     1.838;
    69.205   276.473     1.333;
    68.982   276.443     0.838;
    68.759   276.413     0.354;
    68.536   276.381    -0.119;
    68.313   276.349    -0.580;
    68.089   276.316    -1.030;
    67.866   276.282    -1.467;
    67.643   276.248    -1.890;
    67.420   276.213    -2.298;
    67.196   276.178    -2.692;
    66.973   276.142    -3.070;
    66.750   276.106    -3.434;
    66.527   276.070    -3.783;
    66.304   276.033    -4.118;
    66.080   275.997    -4.438;
    65.857   275.960    -4.744;
    65.634   275.923    -5.036;
    65.411   275.886    -5.315;
    65.188   275.849    -5.578;
    64.964   275.812    -5.826;
    64.741   275.776    -6.057;
    64.518   275.739    -6.273;
    64.295   275.703    -6.472;
    64.071   275.667    -6.656;
    63.848   275.631    -6.826;
    63.625   275.595    -6.982;
    63.402   275.560    -7.124;
    63.179   275.525    -7.255;
    62.955   275.490    -7.374;
    62.732   275.455    -7.481;
    62.509   275.421    -7.577;
    62.286   275.387    -7.662;
    62.062   275.353    -7.736;
    61.839   275.320    -7.798;
    61.616   275.287    -7.850;
    61.393   275.254    -7.889;
    61.170   275.221    -7.917;
    60.946   275.189    -7.932;
    60.723   275.157    -7.935;
    60.500   275.126    -7.927;
    60.277   275.095    -7.907;
    60.054   275.064    -7.875;
    59.830   275.033    -7.832;
    59.607   275.003    -7.777;
    59.384   274.973    -7.710;
    59.161   274.944    -7.629;
    58.937   274.915    -7.535;
    58.714   274.886    -7.426;
    58.491   274.858    -7.301;
    58.268   274.830    -7.158;
    58.045   274.802    -7.001;
    57.821   274.774    -6.835;
    57.598   274.747    -6.660;
    57.375   274.720    -6.471;
    57.152   274.693    -6.265;
    56.929   274.666    -6.042;
    56.705   274.639    -5.805;
    56.482   274.613    -5.556;
    56.259   274.586    -5.299;
    56.036   274.560    -5.031;
    55.812   274.533    -4.753;
    55.589   274.506    -4.463;
    55.366   274.479    -4.157;
    55.143   274.452    -3.834;
    54.920   274.425    -3.490;
    54.696   274.398    -3.121;
    54.473   274.370    -2.727;
    54.250   274.342    -2.309;
    54.027   274.314    -1.868;
    53.803   274.285    -1.410;
    53.781   274.282    -1.363;
    53.759   274.279    -1.317;
    53.737   274.276    -1.270;
    53.714   274.273    -1.223;
    53.692   274.270    -1.176;
    53.670   274.267    -1.128;
    53.647   274.264    -1.079;
    53.625   274.261    -1.019;
    53.614   274.260    -0.983;
    53.603   274.258    -0.940;
    53.591   274.257    -0.883;
    53.584   274.256    -0.820;
    53.580   274.256    -0.743;
    53.584   274.257    -0.659;
    53.591   274.258    -0.608;
    53.603   274.259    -0.544;
    53.614   274.261    -0.502;
    53.625   274.263    -0.466;
    53.647   274.266    -0.405;
    53.670   274.269    -0.356;
    53.692   274.273    -0.313;
    53.714   274.276    -0.275;
    53.737   274.279    -0.241;
    53.759   274.282    -0.210;
    53.781   274.285    -0.182;
    53.803   274.289    -0.156;
    53.826   274.292    -0.132;
    53.848   274.295    -0.109;
    53.870   274.298    -0.088;
    53.893   274.301    -0.069;
    53.915   274.304    -0.050;
    53.937   274.308    -0.033;
    53.960   274.311    -0.017;
    53.982   274.314    -0.002;
    54.004   274.317     0.012;
    54.027   274.320     0.025;
    54.049   274.323     0.037;
    54.071   274.327     0.049;
    54.094   274.330     0.059;
    54.116   274.333     0.069;
    54.138   274.336     0.078;
    54.161   274.339     0.086;
    54.183   274.342     0.094;
    54.205   274.346     0.101;
    54.228   274.349     0.108;
    54.250   274.352     0.113;
    54.272   274.355     0.118;
    54.295   274.358     0.123;
    54.317   274.361     0.127;
    54.339   274.365     0.130;
    54.362   274.368     0.133;
    54.384   274.371     0.135;
    54.406   274.374     0.136;
    54.429   274.377     0.137;
    54.451   274.380     0.137;
    54.473   274.384     0.137;
    54.495   274.387     0.136;
    54.518   274.390     0.135;
    54.540   274.393     0.133;
    54.562   274.396     0.130;
    54.585   274.400     0.127;
    54.607   274.403     0.123;
    54.629   274.406     0.119;
    54.652   274.409     0.114;
    54.674   274.412     0.108;
    54.696   274.415     0.101;
    54.920   274.447    -0.003;
    55.143   274.479    -0.153;
    55.366   274.510    -0.295;
    55.589   274.542    -0.424;
    55.812   274.573    -0.543;
    56.036   274.605    -0.652;
    56.259   274.636    -0.753;
    56.482   274.668    -0.844;
    56.705   274.699    -0.928;
    56.929   274.731    -1.003;
    57.152   274.762    -1.071;
    57.375   274.794    -1.132;
    57.598   274.825    -1.186;
    57.821   274.857    -1.233;
    58.045   274.888    -1.273;
    58.268   274.920    -1.306;
    58.491   274.951    -1.333;
    58.714   274.983    -1.353;
    58.937   275.014    -1.366;
    59.161   275.046    -1.371;
    59.384   275.078    -1.370;
    59.607   275.110    -1.361;
    59.830   275.141    -1.345;
    60.054   275.173    -1.320;
    60.277   275.205    -1.288;
    60.500   275.237    -1.247;
    60.723   275.269    -1.197;
    60.946   275.301    -1.139;
    61.170   275.333    -1.073;
    61.393   275.365    -0.998;
    61.616   275.397    -0.915;
    61.839   275.429    -0.823;
    62.062   275.461    -0.724;
    62.286   275.493    -0.616;
    62.509   275.525    -0.500;
    62.732   275.557    -0.375;
    62.955   275.589    -0.243;
    63.179   275.620    -0.103;
    63.402   275.652     0.046;
    63.625   275.684     0.202;
    63.848   275.715     0.366;
    64.071   275.747     0.538;
    64.295   275.778     0.717;
    64.518   275.809     0.904;
    64.741   275.840     1.099;
    64.964   275.871     1.301;
    65.188   275.902     1.510;
    65.411   275.932     1.726;
    65.634   275.962     1.950;
    65.857   275.992     2.183;
    66.080   276.022     2.423;
    66.304   276.051     2.672;
    66.527   276.080     2.930;
    66.750   276.109     3.197;
    66.973   276.137     3.472;
    67.196   276.165     3.757;
    67.420   276.193     4.050;
    67.643   276.220     4.353;
    67.866   276.247     4.665;
    68.089   276.273     4.987;
    68.313   276.298     5.317;
    68.536   276.323     5.656;
    68.759   276.348     6.004;
    68.982   276.371     6.360;
    69.205   276.394     6.726;
    69.429   276.417     7.100;
    69.652   276.438     7.484;
    69.875   276.459     7.875;
    70.098   276.479     8.276;
    70.321   276.498     8.684;
