% NGV subroutine
function NGV = NGV_Profile;

NGV = [40.222   272.752    -0.994;
    40.217   272.753    -0.938;
    40.206   272.753    -0.865;
    40.191   272.753    -0.766;
    40.176   272.753    -0.672;
    40.160   272.754    -0.581;
    40.129   272.754    -0.405;
    40.098   272.754    -0.231;
    40.067   272.754    -0.051;
    40.036   272.754     0.133;
    40.006   272.754     0.318;
    39.975   272.754     0.503;
    39.944   272.753     0.687;
    39.913   272.753     0.869;
    39.604   272.741     2.686;
    39.295   272.717     4.506;
    38.986   272.681     6.325;
    38.676   272.633     8.138;
    38.367   272.573     9.939;
    38.058   272.502    11.715;
    37.749   272.422    13.455;
    37.440   272.333    15.148;
    37.131   272.237    16.783;
    36.822   272.136    18.355;
    36.513   272.030    19.865;
    36.204   271.920    21.314;
    35.895   271.808    22.700;
    35.585   271.694    24.024;
    35.276   271.579    25.293;
    34.967   271.462    26.517;
    34.658   271.343    27.705;
    34.349   271.223    28.864;
    34.040   271.099    30.003;
    33.731   270.972    31.126;
    33.422   270.842    32.239;
    33.113   270.709    33.342;
    32.804   270.572    34.430;
    32.495   270.434    35.498;
    32.185   270.295    36.541;
    31.876   270.156    37.555;
    31.567   270.019    38.532;
    31.258   269.884    39.467;
    30.949   269.752    40.357;
    30.640   269.624    41.203;
    30.331   269.501    42.004;
    30.022   269.382    42.759;
    29.713   269.268    43.471;
    29.404   269.159    44.139;
    29.094   269.055    44.767;
    28.785   268.957    45.355;
    28.476   268.864    45.904;
    28.167   268.776    46.415;
    27.858   268.693    46.893;
    27.549   268.615    47.337;
    27.240   268.542    47.752;
    26.931   268.472    48.141;
    26.622   268.407    48.504;
    26.313   268.345    48.846;
    26.004   268.286    49.168;
    25.694   268.230    49.471;
    25.385   268.178    49.757;
    25.076   268.128    50.025;
    24.767   268.081    50.275;
    24.458   268.037    50.507;
    24.149   267.997    50.722;
    23.840   267.959    50.920;
    23.531   267.925    51.100;
    23.222   267.894    51.264;
    22.913   267.866    51.411;
    22.603   267.841    51.541;
    22.294   267.819    51.654;
    21.985   267.800    51.750;
    21.676   267.785    51.829;
    21.367   267.773    51.891;
    21.058   267.764    51.937;
    20.749   267.758    51.968;
    20.440   267.755    51.986;
    20.131   267.754    51.990;
    19.822   267.755    51.983;
    19.512   267.759    51.964;
    19.203   267.765    51.933;
    18.894   267.773    51.891;
    18.585   267.783    51.839;
    18.276   267.795    51.775;
    17.967   267.810    51.701;
    17.658   267.826    51.616;
    17.349   267.845    51.520;
    17.040   267.865    51.413;
    16.731   267.888    51.294;
    16.422   267.913    51.163;
    16.112   267.941    51.018;
    15.803   267.971    50.859;
    15.494   268.004    50.685;
    15.185   268.039    50.496;
    14.876   268.078    50.292;
    14.567   268.118    50.075;
    14.258   268.161    49.844;
    13.949   268.206    49.602;
    13.640   268.253    49.347;
    13.331   268.302    49.083;
    13.021   268.352    48.809;
    12.712   268.402    48.529;
    12.403   268.454    48.240;
    12.094   268.508    47.942;
    11.785   268.563    47.634;
    11.476   268.619    47.315;
    11.167   268.678    46.981;
    10.858   268.741    46.619;
    10.549   268.808    46.226;
    10.240   268.880    45.806;
     9.931   268.955    45.363;
     9.621   269.035    44.889;
     9.591   269.045    44.830;
     9.560   269.055    44.767;
     9.529   269.066    44.700;
     9.498   269.078    44.627;
     9.467   269.092    44.547;
     9.436   269.106    44.457;
     9.405   269.123    44.354;
     9.374   269.144    44.231;
     9.359   269.156    44.157;
     9.343   269.170    44.069;
     9.328   269.189    43.954;
     9.317   269.210    43.828;
     9.312   269.235    43.674;
     9.317   269.260    43.518;
     9.328   269.280    43.391;
     9.343   269.298    43.278;
     9.359   269.313    43.190;
     9.374   269.324    43.116;
     9.405   269.344    42.993;
     9.436   269.361    42.890;
     9.467   269.375    42.800;
     9.498   269.388    42.720;
     9.529   269.399    42.647;
     9.560   269.410    42.579;
     9.591   269.420    42.516;
     9.621   269.429    42.458;
     9.652   269.438    42.402;
     9.683   269.446    42.350;
     9.714   269.454    42.300;
     9.745   269.461    42.253;
     9.776   269.468    42.208;
     9.807   269.475    42.165;
     9.838   269.482    42.123;
     9.869   269.488    42.084;
     9.900   269.494    42.046;
     9.931   269.500    42.009;
     9.961   269.505    41.973;
     9.992   269.510    41.939;
    10.023   269.515    41.906;
    10.054   269.520    41.875;
    10.085   269.525    41.844;
    10.116   269.530    41.814;
    10.147   269.534    41.785;
    10.178   269.539    41.757;
    10.209   269.543    41.730;
    10.240   269.547    41.704;
    10.271   269.551    41.679;
    10.301   269.555    41.654;
    10.332   269.558    41.630;
    10.363   269.562    41.607;
    10.394   269.565    41.585;
    10.425   269.569    41.563;
    10.456   269.572    41.542;
    10.487   269.575    41.520;
    10.518   269.579    41.499;
    10.549   269.582    41.478;
    10.580   269.585    41.457;
    10.611   269.588    41.436;
    10.641   269.591    41.415;
    10.672   269.595    41.394;
    10.703   269.598    41.374;
    10.734   269.601    41.353;
    10.765   269.604    41.333;
    10.796   269.607    41.312;
    10.827   269.610    41.291;
    10.858   269.614    41.271;
    11.167   269.646    41.060;
    11.476   269.678    40.848;
    11.785   269.710    40.635;
    12.094   269.742    40.422;
    12.403   269.774    40.208;
    12.712   269.806    39.994;
    13.021   269.838    39.778;
    13.331   269.870    39.561;
    13.640   269.902    39.342;
    13.949   269.934    39.122;
    14.258   269.966    38.899;
    14.567   269.999    38.675;
    14.876   270.031    38.449;
    15.185   270.063    38.220;
    15.494   270.096    37.991;
    15.803   270.128    37.759;
    16.112   270.161    37.526;
    16.422   270.193    37.291;
    16.731   270.226    37.054;
    17.040   270.259    36.815;
    17.349   270.291    36.575;
    17.658   270.324    36.333;
    17.967   270.357    36.089;
    18.276   270.389    35.843;
    18.585   270.422    35.595;
    18.894   270.455    35.345;
    19.203   270.488    35.093;
    19.512   270.521    34.838;
    19.822   270.554    34.580;
    20.131   270.587    34.320;
    20.440   270.620    34.056;
    20.749   270.654    33.789;
    21.058   270.687    33.519;
    21.367   270.721    33.245;
    21.676   270.755    32.968;
    21.985   270.789    32.687;
    22.294   270.823    32.403;
    22.603   270.857    32.115;
    22.913   270.892    31.823;
    23.222   270.926    31.527;
    23.531   270.961    31.228;
    23.840   270.996    30.925;
    24.149   271.031    30.618;
    24.458   271.066    30.306;
    24.767   271.101    29.989;
    25.076   271.136    29.667;
    25.385   271.172    29.339;
    25.694   271.208    29.005;
    26.004   271.244    28.665;
    26.313   271.280    28.319;
    26.622   271.317    27.966;
    26.931   271.354    27.606;
    27.240   271.391    27.239;
    27.549   271.428    26.864;
    27.858   271.466    26.483;
    28.167   271.503    26.093;
    28.476   271.541    25.695;
    28.785   271.580    25.288;
    29.094   271.618    24.872;
    29.404   271.657    24.446;
    29.713   271.695    24.010;
    30.022   271.735    23.562;
    30.331   271.774    23.103;
    30.640   271.814    22.632;
    30.949   271.854    22.147;
    31.258   271.894    21.649;
    31.567   271.934    21.137;
    31.876   271.974    20.610;
    32.185   272.015    20.067;
    32.495   272.056    19.507;
